1 0.0101569 0.00479304
2 0.0227144 0.0155727
3 -0.057476 -0.0735968
4 -0.203276 -0.162685
5 -0.0453208 0.0426143
6 -0.0646271 -0.0328373
7 -0.0865671 -0.0411651
8 -0.0522674 0.00865454
9 -0.0138507 0.0227033
10 0.0971608 0.106546
11 0.148729 0.0794597
12 0.0378245 -0.0680171
13 -0.122082 -0.149316
14 -0.234876 -0.148834
15 -0.286793 -0.120983
16 -0.190903 0.0115586
17 -0.170703 -0.0365121
18 -0.18483 -0.0651835
19 -0.170439 -0.0409508
20 -0.111575 0.0075737
21 -0.0189595 0.0583747
22 0.0864191 0.0980913
23 0.183669 0.120724
24 0.266878 0.13518
25 0.311067 0.120632
26 0.322338 0.100883
27 0.310281 0.081166
28 0.263702 0.0434374
29 0.198118 0.0111418
30 0.121376 -0.0189016
31 -0.0122478 -0.098052
32 -0.0854871 -0.0765126
33 0.012912 0.0739007
34 0.13865 0.129928
35 0.23307 0.13533
36 0.253694 0.0891955
37 0.129406 -0.0495936
38 0.0949965 0.00434574
39 0.104485 0.0383798
40 0.0883221 0.0155776
41 0.0286987 -0.0325387
42 -0.0612926 -0.0802648
43 -0.152588 -0.107834
44 -0.227676 -0.118352
45 -0.282507 -0.120182
46 -0.313926 -0.113016
47 -0.296124 -0.0732333
48 -0.242359 -0.0323732
49 -0.175436 -0.00381686
50 -0.0922679 0.0317342
51 -0.0241115 0.0408149
52 0.0298675 0.0464357
53 0.0690052 0.0473242
54 0.0891605 0.0397898
55 0.0903245 0.0267429
56 0.0774966 0.0131738
57 0.057879 0.0165925
58 0.02717 -0.0140865
59 -0.0407861 -0.0602842
60 0.0293011 0.0580841
61 0.139024 0.118198
62 0.183234 0.0847065
63 0.158571 0.0288283
64 0.0924589 -0.019671
65 0.0400081 -0.0251382
66 -0.143037 -0.171101
67 -0.298132 -0.196561
68 -0.358623 -0.14733
69 -0.341482 -0.0876153
70 -0.245011 -0.00358447
71 -0.0919272 -0.0276843
72 0.125367 0.189748
73 0.268941 0.179338
74 0.272782 0.081542
75 0.238701 0.0449971
76 0.184032 0.0147274
77 0.113712 -0.0166521
78 0.0498842 -0.030498
79 0.0132682 -0.0217816
80 -0.0101904 -0.0192541
81 -0.0228852 -0.0153185
82 -0.0250546 -0.00850214
83 -0.0202075 -0.00555619
84 -0.00842168 0.00622038
85 -0.00611752 0.000149872
86 -0.013557 -0.00894044
87 0.0143526 0.0242669
88 -0.0340104 -0.0439493
89 0.208564 0.233192
90 -1.69587 -1.2
91 0.735259 1.07651
92 0.632514 0.111409
93 0.280443 -0.167405
94 0.260219 0.0626274
95 0.227355 0.0443731
96 0.208372 0.0622016
97 0.198993 0.0594816
98 0.198909 0.0596163
99 0.19261 0.0578492
100 0.134586 0.0207203
101 0.111846 0.0268967
102 -0.0672736 -0.144223
103 -0.135836 -0.0857602
104 0.0582454 0.0192023
105 0.0402884 0.00128965
