1 2.26178 0 0.494765
2 3 0 0.656073
3 -0.893871 0.250544 0
4 1.41019 0 0.35248
5 2.39869 0 0.530475
6 0.698306 0 0.132396
7 1.33405 0 0.311622
8 1.78141 0 0.403769
9 1.12847 0 0.246875
10 1.37892 0 0.318014
11 1.50179 0 0.342894
12 1.23314 0 0.280271
13 1.37427 0 0.319069
14 1.39485 0 0.322495
15 1.31389 0 0.304878
16 1.3233 0 0.309895
17 1.35904 0 0.319258
18 1.3354 0 0.314503
19 1.30145 0 0.308478
20 1.32814 0 0.316563
21 1.31751 0 0.314939
22 1.32191 0 0.317471
23 1.31465 0 0.317039
24 1.27624 0 0.309659
25 1.28148 0 0.31287
26 1.30621 0 0.319738
27 1.28558 0 0.315831
28 1.2686 0 0.313603
29 1.27779 0 0.317307
30 1.27137 0 0.316933
31 1.24572 0 0.312428
32 1.26599 0 0.318824
33 1.27028 0 0.32069
34 1.24104 0 0.315154
35 1.27209 0 0.324093
36 1.20669 0 0.309733
37 1.23379 0 0.318414
38 1.26583 0 0.326502
39 1.21849 0 0.316271
40 1.1985 0 0.313792
41 1.23284 0 0.323267
42 1.21883 0 0.320627
43 1.18947 0 0.315358
44 1.26203 0 0.333795
45 1.19764 0 0.318868
46 1.18118 0 0.317504
47 1.18597 0 0.320099
48 1.21766 0 0.328483
49 1.20813 0 0.326907
50 1.18905 0 0.323908
51 1.15799 0 0.318315
52 1.216 0 0.333406
53 1.15385 0 0.319225
54 1.18883 0 0.329604
55 1.16679 0 0.32506
56 1.16012 0 0.325111
57 1.1242 0 0.317695
58 1.17449 0 0.330385
59 1.15628 0 0.326416
60 1.14284 0 0.324827
61 1.13381 0 0.324149
62 1.16585 0 0.332823
63 1.15142 0 0.330063
64 1.13789 0 0.328375
65 1.09792 0 0.320576
66 1.14519 0 0.333306
67 1.12676 0 0.329315
68 1.12321 0 0.329975
69 1.14243 0 0.335586
70 1.06373 0 0.318264
71 1.12694 0 0.333032
72 1.10973 0 0.330201
73 1.1001 0 0.329422
74 1.10723 0 0.332345
75 1.0939 0 0.330251
76 1.09033 0 0.330777
77 1.07133 0 0.327566
78 1.11612 0 0.3393
79 1.06292 0 0.32733
80 1.06838 0 0.330659
81 1.0561 0 0.328799
82 1.09049 0 0.337997
83 1.044 0 0.327581
84 1.08707 0 0.338531
85 1.04936 0 0.330127
86 1.06007 0 0.334355
87 1.02987 0 0.328268
88 1.00166 0 0.323381
89 -0.0759169 0 0.0770771
90 0.863222 0 0.313477
91 0.321163 0 0.177294
92 0.596793 0 0.246159
93 0.510391 0 0.221647
94 0.57973 0 0.239747
95 0.641705 0 0.253263
96 0.509377 0 0.224297
97 0.527385 0 0.228079
98 0.544336 0 0.232505
99 -0.527701 0 0.00705486
100 1.89548 0 0.542735
101 1.29121 0 0.389658
102 0.50457 0 0.215764
103 1.02327 0 0.350515
104 1.26963 0 0.392395
105 0.980846 0 0.327245
